lidar_end_time     cur_frame_time(s)      ekf_consuming_time(s)
66.785000    0.008906             0.004311
66.820000    0.005688             0.003216
66.853000    0.006077             0.003772
66.890000    0.008519             0.005156
66.925000    0.006329             0.003700
66.958000    0.005409             0.002709
66.993000    0.006104             0.003702
67.029000    0.004664             0.003095
67.077000    0.005038             0.003491
67.123000    0.003737             0.002080
67.174000    0.005804             0.003364
67.213000    0.005091             0.003228
67.248000    0.004349             0.002766
67.282000    0.005451             0.003139
67.315000    0.005218             0.003703
67.351000    0.008300             0.005409
67.389000    0.005234             0.003773
67.427000    0.005388             0.002924
67.458000    0.005412             0.003562
67.493000    0.005783             0.003862
67.529000    0.004619             0.003214
67.564000    0.006298             0.004064
67.596000    0.004942             0.003422
67.634000    0.004778             0.003383
67.667000    0.006022             0.003286
67.699000    0.006217             0.004099
67.733000    0.003723             0.002372
67.769000    0.008469             0.003901
67.802000    0.007897             0.005213
67.835000    0.005101             0.003470
67.871000    0.004231             0.002459
67.904000    0.004640             0.003233
67.937000    0.004448             0.003130
67.972000    0.005612             0.003821
68.005000    0.004282             0.002753
68.040000    0.004250             0.002299
68.074000    0.005261             0.003590
68.109000    0.003801             0.002246
68.143000    0.004842             0.003398
68.179000    0.006450             0.004195
68.213000    0.004833             0.003428
68.243000    0.003995             0.002457
68.278000    0.004743             0.003296
68.310000    0.006103             0.003565
68.346000    0.007406             0.004961
68.385000    0.007530             0.005067
68.412000    0.004515             0.003137
68.451000    0.005501             0.003115
68.482000    0.004763             0.003288
68.515000    0.005521             0.003170
68.550000    0.005389             0.003855
68.582000    0.004886             0.003441
68.618000    0.006757             0.004171
68.657000    0.007024             0.004772
68.709000    0.004347             0.002832
68.758000    0.007911             0.005072
68.807000    0.007281             0.004951
68.855000    0.004570             0.003161
68.894000    0.006634             0.004325
68.929000    0.006695             0.004876
68.962000    0.004310             0.002630
68.997000    0.004750             0.003307
69.031000    0.004804             0.003495
69.065000    0.007219             0.004964
69.099000    0.004431             0.002334
69.133000    0.004541             0.003112
69.166000    0.007379             0.004870
69.201000    0.007265             0.004937
69.238000    0.003512             0.002195
69.272000    0.004988             0.003394
69.306000    0.005069             0.003589
69.340000    0.004731             0.003347
69.374000    0.005084             0.003461
69.407000    0.005025             0.003453
69.442000    0.007773             0.004969
69.475000    0.004986             0.003481
69.514000    0.007000             0.004642
69.538000    0.007596             0.005127
69.578000    0.005106             0.003485
69.613000    0.004181             0.002891
69.646000    0.004107             0.002777
69.682000    0.003345             0.002002
69.719000    0.005412             0.003837
69.749000    0.004933             0.003681
69.784000    0.005329             0.003684
69.817000    0.004431             0.003110
69.852000    0.003840             0.002094
69.886000    0.006868             0.004791
69.921000    0.007126             0.005073
69.953000    0.004470             0.003177
69.988000    0.007099             0.004524
70.022000    0.004623             0.003272
70.057000    0.006525             0.004893
70.092000    0.004547             0.003148
70.125000    0.005971             0.003866
70.161000    0.004245             0.003012
70.195000    0.005836             0.004280
70.229000    0.004644             0.003375
70.263000    0.003591             0.002340
70.299000    0.003813             0.002430
70.333000    0.005975             0.004442
70.370000    0.007906             0.005682
70.401000    0.005225             0.003621
70.434000    0.007275             0.005121
70.469000    0.006574             0.004538
70.503000    0.003687             0.002121
70.538000    0.004057             0.002239
70.572000    0.007974             0.005727
70.606000    0.007840             0.005572
70.643000    0.004672             0.003220
70.676000    0.005712             0.003365
70.708000    0.003614             0.002183
70.744000    0.004732             0.003234
70.778000    0.006256             0.004876
70.806000    0.005556             0.004070
70.852000    0.007147             0.004771
70.884000    0.004412             0.003041
70.917000    0.005197             0.003650
70.950000    0.005660             0.004008
70.985000    0.006423             0.004442
71.019000    0.007585             0.003671
71.053000    0.004248             0.002972
71.088000    0.005690             0.003594
71.127000    0.005457             0.003142
71.158000    0.004188             0.002861
71.191000    0.004311             0.003093
71.225000    0.003722             0.002408
71.259000    0.006905             0.004945
71.294000    0.005078             0.002925
71.327000    0.005868             0.003654
71.361000    0.005264             0.003714
71.395000    0.005178             0.003739
71.434000    0.007674             0.005344
71.464000    0.004191             0.002650
71.505000    0.004722             0.003450
71.539000    0.003906             0.002481
71.576000    0.005195             0.003701
71.611000    0.004530             0.003232
71.641000    0.007687             0.005573
71.675000    0.006344             0.004208
71.710000    0.004178             0.002993
71.746000    0.004372             0.002813
71.777000    0.003466             0.002198
71.817000    0.004531             0.003292
71.848000    0.003368             0.002091
71.884000    0.004341             0.003029
71.918000    0.004444             0.003202
71.950000    0.007014             0.004731
71.985000    0.003471             0.002225
72.020000    0.007715             0.005699
72.053000    0.004420             0.002308
72.087000    0.007159             0.005145
72.122000    0.005507             0.003329
72.163000    0.005511             0.003206
72.198000    0.005461             0.003213
72.232000    0.004825             0.003480
72.267000    0.005869             0.003360
72.304000    0.004494             0.003111
72.336000    0.004501             0.003162
72.369000    0.005144             0.003434
72.406000    0.005345             0.003227
72.437000    0.004748             0.003318
72.476000    0.004515             0.003223
72.512000    0.007249             0.005086
72.543000    0.007227             0.005186
72.578000    0.007372             0.005069
72.616000    0.005092             0.003229
72.647000    0.006023             0.004522
72.680000    0.004775             0.003333
72.715000    0.003624             0.002194
72.755000    0.006344             0.004442
72.802000    0.004724             0.003341
72.847000    0.004640             0.003189
72.878000    0.004356             0.003088
72.917000    0.005429             0.003836
72.949000    0.003311             0.002079
72.989000    0.005017             0.003692
73.023000    0.006829             0.004746
73.059000    0.006124             0.003817
73.090000    0.007148             0.004886
73.129000    0.007024             0.004366
73.160000    0.004496             0.003210
73.199000    0.005144             0.003606
73.229000    0.007319             0.004996
73.266000    0.005974             0.004128
73.297000    0.006398             0.004518
73.332000    0.004546             0.003196
73.365000    0.005568             0.003432
73.400000    0.006447             0.004242
73.433000    0.004721             0.003409
73.467000    0.004840             0.003522
73.504000    0.003971             0.002593
73.536000    0.005203             0.003713
73.571000    0.004441             0.003096
73.605000    0.003562             0.002291
73.636000    0.006830             0.004736
73.672000    0.004773             0.003493
73.707000    0.004240             0.002968
73.742000    0.004647             0.003301
73.773000    0.005770             0.003632
73.806000    0.003899             0.002535
73.849000    0.007226             0.004812
73.883000    0.004019             0.002600
73.916000    0.005556             0.004366
73.955000    0.006411             0.004055
73.987000    0.004732             0.003385
74.020000    0.008023             0.005748
74.053000    0.007085             0.004767
74.087000    0.006876             0.004727
74.120000    0.004948             0.003134
74.161000    0.007804             0.005336
74.192000    0.006967             0.004630
74.224000    0.006803             0.004786
74.260000    0.007301             0.004943
74.294000    0.004530             0.003273
74.327000    0.007401             0.005960
74.360000    0.005092             0.003738
74.395000    0.006673             0.004596
74.429000    0.007497             0.005320
74.463000    0.008513             0.005818
74.496000    0.005138             0.003804
74.538000    0.005423             0.003710
74.571000    0.006637             0.004354
74.608000    0.004468             0.002484
74.637000    0.004061             0.002850
74.678000    0.007178             0.004791
74.708000    0.006443             0.004354
74.743000    0.007247             0.004743
74.776000    0.004573             0.002935
74.812000    0.005803             0.003853
74.845000    0.004730             0.003453
74.877000    0.004490             0.002997
74.916000    0.006861             0.004554
74.946000    0.004393             0.003190
74.985000    0.004678             0.003076
75.018000    0.004185             0.002835
75.053000    0.006880             0.004627
75.090000    0.004684             0.003257
75.121000    0.004963             0.003594
75.162000    0.005938             0.003313
75.190000    0.004694             0.003073
75.223000    0.007409             0.005210
75.258000    0.003560             0.002180
75.292000    0.004127             0.002648
75.328000    0.004820             0.003459
75.360000    0.007247             0.005064
75.400000    0.005067             0.003444
75.431000    0.004565             0.003037
75.476000    0.005337             0.003754
75.518000    0.005014             0.003506
75.548000    0.004560             0.002859
75.584000    0.005523             0.003400
75.617000    0.004567             0.003216
75.652000    0.004769             0.003518
75.685000    0.003623             0.002301
75.719000    0.004563             0.003221
75.753000    0.007771             0.005374
75.788000    0.006492             0.004097
75.822000    0.006972             0.004944
75.855000    0.004590             0.003321
75.902000    0.004100             0.002759
75.935000    0.005579             0.003214
75.967000    0.004367             0.002986
76.005000    0.006281             0.004049
76.042000    0.003818             0.002525
76.073000    0.004323             0.003036
76.106000    0.004438             0.003151
76.144000    0.005444             0.003711
76.175000    0.004909             0.003590
76.216000    0.008333             0.005891
76.253000    0.005520             0.003259
76.289000    0.005215             0.003715
76.324000    0.005687             0.004199
76.359000    0.004897             0.003430
76.391000    0.004286             0.003053
76.426000    0.004633             0.003311
76.459000    0.007907             0.005567
76.493000    0.004884             0.003449
76.533000    0.004605             0.003403
76.567000    0.007194             0.005167
76.604000    0.005948             0.003747
76.637000    0.003093             0.001907
76.672000    0.003750             0.002481
76.706000    0.004565             0.003202
76.744000    0.006162             0.004058
76.780000    0.005965             0.003816
76.812000    0.006874             0.004683
76.845000    0.006302             0.003853
76.880000    0.007727             0.005308
76.912000    0.004546             0.003234
76.949000    0.004381             0.003070
76.988000    0.006961             0.004883
77.019000    0.005202             0.003676
77.053000    0.006618             0.004816
77.090000    0.007673             0.005121
77.125000    0.006529             0.004335
77.156000    0.005403             0.003900
77.193000    0.004637             0.003265
77.226000    0.006773             0.004776
77.257000    0.005548             0.003600
77.292000    0.003619             0.002213
77.325000    0.005836             0.003751
77.359000    0.004890             0.003622
77.393000    0.004282             0.002923
77.427000    0.006256             0.003437
77.460000    0.003874             0.002142
77.495000    0.006001             0.004603
77.537000    0.005949             0.003492
77.574000    0.005162             0.003795
77.608000    0.005881             0.003608
77.641000    0.004198             0.002813
77.676000    0.007285             0.005169
77.710000    0.005310             0.003749
77.743000    0.004593             0.003288
77.777000    0.005431             0.003264
77.813000    0.005836             0.004138
77.848000    0.006668             0.004742
77.883000    0.005568             0.003451
77.917000    0.004439             0.003072
77.952000    0.007184             0.004861
77.985000    0.006956             0.004911
78.024000    0.005463             0.003351
78.055000    0.006895             0.004939
78.091000    0.006663             0.004482
78.124000    0.006502             0.004275
78.163000    0.005463             0.003931
78.195000    0.009959             0.004084
78.228000    0.004076             0.002779
78.263000    0.005389             0.004027
78.297000    0.006352             0.004380
78.330000    0.006797             0.004292
78.362000    0.007428             0.005251
78.397000    0.007740             0.005515
78.433000    0.005895             0.003584
78.467000    0.005223             0.003466
78.499000    0.005150             0.003708
78.533000    0.004508             0.002834
78.568000    0.005365             0.003840
78.607000    0.004485             0.003178
78.637000    0.004826             0.003193
78.672000    0.005430             0.003812
78.706000    0.006092             0.003949
78.757000    0.005622             0.003203
78.805000    0.005116             0.003808
78.840000    0.004700             0.003377
78.871000    0.005019             0.003697
78.906000    0.003440             0.002246
78.939000    0.007032             0.004644
78.978000    0.005120             0.002921
79.058000    0.004674             0.003015
79.092000    0.005923             0.004284
79.146000    0.003566             0.002299
79.219000    0.005784             0.003893
79.281000    0.004802             0.003125
79.337000    0.004153             0.002763
79.393000    0.005099             0.003522
79.436000    0.006165             0.003868
79.470000    0.007447             0.005226
79.504000    0.005769             0.004288
79.544000    0.004956             0.002402
79.583000    0.003892             0.002341
79.616000    0.003643             0.002411
79.655000    0.004641             0.003392
79.692000    0.005318             0.003734
79.726000    0.003582             0.002426
79.759000    0.007543             0.005870
79.793000    0.007604             0.005058
79.828000    0.008101             0.005462
79.865000    0.005599             0.004032
79.900000    0.006407             0.004154
79.937000    0.003914             0.002476
79.972000    0.008205             0.005505
80.006000    0.003827             0.002497
80.041000    0.005613             0.004090
80.074000    0.004481             0.003159
80.114000    0.005359             0.003595
80.146000    0.005378             0.003711
80.181000    0.003814             0.002466
80.216000    0.007665             0.005378
80.251000    0.003879             0.002551
80.285000    0.003666             0.002286
80.324000    0.003976             0.002643
80.355000    0.005374             0.003850
80.389000    0.004380             0.002941
80.423000    0.003547             0.002116
80.456000    0.003582             0.002239
80.491000    0.005501             0.003751
80.527000    0.005303             0.002950
80.558000    0.005136             0.003659
80.595000    0.007055             0.004921
80.623000    0.003806             0.002332
80.660000    0.005205             0.003330
80.695000    0.006809             0.004610
80.730000    0.004271             0.002863
80.766000    0.004672             0.003205
80.798000    0.005052             0.003511
80.832000    0.004472             0.003058
80.869000    0.005051             0.003647
80.902000    0.007348             0.005977
80.936000    0.005849             0.003580
80.970000    0.004636             0.003373
81.009000    0.006845             0.004747
81.059000    0.006648             0.004520
81.103000    0.005445             0.003976
81.140000    0.006073             0.003885
81.172000    0.004159             0.002788
81.212000    0.004481             0.003123
81.245000    0.004612             0.003134
81.277000    0.004872             0.003508
81.310000    0.005159             0.003226
81.349000    0.004239             0.002876
81.383000    0.003869             0.002500
81.417000    0.007377             0.005230
81.451000    0.004933             0.003707
81.485000    0.005947             0.003564
81.525000    0.004628             0.003371
81.557000    0.004577             0.003223
81.594000    0.003544             0.002226
81.624000    0.005256             0.003830
81.658000    0.005405             0.003935
81.693000    0.005671             0.003108
81.727000    0.004793             0.003476
81.762000    0.005876             0.004459
81.800000    0.005665             0.004080
81.838000    0.007295             0.005155
81.872000    0.005532             0.003957
81.906000    0.005552             0.003263
81.942000    0.006875             0.002887
81.987000    0.004931             0.003573
82.020000    0.004701             0.003279
82.054000    0.005274             0.003713
82.091000    0.003774             0.002416
82.130000    0.004709             0.003145
82.161000    0.004814             0.003368
82.199000    0.005099             0.003541
82.235000    0.003845             0.002438
82.271000    0.005072             0.003668
82.308000    0.004090             0.002612
82.341000    0.004186             0.002679
82.376000    0.003664             0.002384
82.412000    0.008348             0.004862
82.449000    0.004950             0.002999
82.486000    0.004796             0.003139
82.533000    0.010056             0.002838
82.579000    0.005100             0.003539
82.623000    0.004343             0.002901
82.663000    0.004803             0.003043
82.703000    0.005278             0.003702
82.739000    0.003452             0.002248
82.773000    0.005424             0.003663
82.809000    0.004317             0.002703
82.848000    0.005265             0.003770
82.883000    0.003940             0.002310
82.919000    0.004853             0.003117
82.954000    0.005097             0.003546
82.988000    0.003987             0.002486
83.032000    0.005560             0.003980
83.066000    0.005582             0.003999
83.100000    0.005158             0.003470
83.136000    0.004419             0.002885
83.172000    0.005307             0.003716
83.206000    0.003981             0.002531
83.244000    0.004574             0.003068
83.278000    0.004990             0.003510
83.311000    0.003891             0.002560
83.348000    0.004185             0.002660
83.388000    0.004094             0.002660
83.431000    0.004939             0.003104
83.470000    0.004915             0.003302
83.504000    0.003558             0.002257
83.542000    0.003605             0.002338
83.584000    0.007849             0.005193
83.617000    0.008156             0.005726
83.651000    0.007428             0.005016
83.686000    0.007818             0.005438
83.720000    0.005746             0.003853
83.754000    0.005786             0.004102
83.792000    0.003831             0.002162
83.825000    0.004506             0.003170
83.858000    0.007200             0.005294
83.892000    0.006257             0.003476
83.927000    0.005316             0.003266
83.965000    0.004085             0.002302
83.997000    0.003643             0.002253
84.030000    0.004735             0.003405
84.068000    0.006438             0.004335
84.099000    0.003703             0.002455
84.133000    0.003868             0.002580
84.167000    0.003591             0.002257
84.203000    0.005680             0.004085
84.235000    0.004089             0.002734
84.270000    0.003592             0.002315
84.304000    0.004469             0.002973
84.338000    0.003929             0.002439
84.373000    0.006075             0.003880
84.408000    0.005183             0.003835
84.443000    0.005236             0.003753
84.477000    0.003881             0.002496
84.510000    0.004621             0.003275
84.544000    0.003661             0.002262
84.578000    0.003691             0.002449
84.612000    0.006828             0.004750
84.647000    0.004314             0.002960
84.685000    0.004820             0.003523
84.718000    0.003737             0.002454
84.752000    0.004771             0.003425
84.785000    0.005581             0.003372
84.819000    0.006995             0.005383
84.853000    0.005298             0.003772
84.887000    0.005109             0.003634
84.921000    0.005120             0.003563
84.956000    0.005073             0.003770
84.990000    0.003877             0.002505
85.024000    0.007635             0.004944
85.057000    0.008566             0.005635
85.091000    0.006032             0.003717
85.125000    0.005272             0.002698
85.159000    0.006536             0.005154
85.193000    0.008416             0.002430
85.227000    0.004922             0.003476
85.261000    0.003744             0.002479
85.301000    0.006384             0.003958
85.332000    0.004282             0.002829
85.367000    0.003546             0.002282
85.406000    0.004300             0.003139
85.441000    0.004882             0.003512
85.476000    0.003695             0.002484
85.511000    0.003795             0.002524
85.546000    0.003535             0.002251
85.579000    0.004509             0.003184
85.614000    0.004309             0.002939
85.647000    0.004003             0.002633
85.682000    0.003652             0.002424
85.715000    0.004933             0.003429
85.751000    0.007287             0.005006
85.785000    0.004598             0.003375
85.816000    0.006037             0.004697
85.851000    0.005414             0.003282
85.885000    0.006796             0.004877
85.919000    0.006736             0.004266
85.958000    0.004553             0.002851
85.989000    0.006580             0.004578
86.023000    0.007263             0.005473
86.056000    0.004665             0.003019
86.095000    0.005073             0.003605
86.126000    0.006576             0.004354
86.159000    0.004590             0.003127
86.201000    0.004852             0.003615
86.233000    0.006134             0.003688
86.265000    0.004181             0.002768
86.301000    0.003544             0.002343
86.335000    0.004035             0.002580
86.369000    0.005208             0.003576
86.402000    0.005828             0.004544
86.438000    0.005495             0.003643
86.471000    0.003526             0.002226
86.505000    0.006550             0.004343
86.539000    0.007717             0.005500
86.574000    0.008131             0.005559
86.608000    0.005613             0.003343
86.641000    0.005077             0.003549
86.675000    0.005288             0.003752
86.710000    0.005212             0.003186
86.745000    0.005121             0.003668
86.778000    0.003593             0.002314
86.811000    0.004233             0.002215
86.847000    0.006761             0.004632
86.882000    0.006937             0.004496
86.915000    0.004467             0.003132
86.949000    0.005941             0.003684
86.985000    0.005537             0.004008
87.019000    0.003736             0.002413
87.054000    0.005147             0.003837
87.093000    0.007123             0.004825
87.126000    0.006970             0.005383
87.162000    0.006431             0.004077
87.194000    0.003729             0.002373
87.228000    0.004798             0.003412
87.262000    0.004551             0.003148
87.297000    0.005730             0.003796
87.330000    0.005114             0.003809
87.364000    0.008070             0.005661
87.400000    0.005785             0.004423
87.431000    0.005658             0.004108
87.466000    0.006310             0.004161
87.500000    0.005120             0.003719
87.535000    0.007886             0.005630
87.569000    0.004967             0.003594
87.603000    0.006029             0.003772
87.636000    0.005250             0.003778
87.670000    0.004260             0.003030
87.707000    0.005075             0.003451
87.739000    0.006076             0.003710
87.773000    0.004834             0.003422
87.809000    0.003756             0.002498
87.841000    0.007120             0.004955
87.875000    0.003328             0.002143
87.914000    0.004169             0.002820
87.945000    0.003708             0.002542
87.984000    0.007681             0.005428
88.015000    0.004519             0.003092
88.051000    0.005716             0.003519
88.083000    0.005161             0.003669
88.123000    0.004093             0.002644
88.157000    0.007380             0.005150
88.191000    0.003855             0.002612
88.225000    0.005435             0.003859
88.259000    0.005224             0.003765
88.293000    0.006358             0.004034
88.327000    0.008192             0.005558
88.361000    0.005310             0.002864
88.397000    0.005596             0.003587
88.429000    0.004653             0.003164
88.463000    0.004727             0.003461
88.498000    0.004765             0.003459
88.532000    0.007670             0.005429
88.566000    0.004552             0.003352
88.600000    0.005044             0.003551
88.634000    0.006265             0.003968
88.668000    0.006765             0.004490
88.703000    0.004587             0.003330
88.735000    0.006633             0.005093
88.773000    0.005350             0.003308
88.805000    0.003304             0.002128
88.839000    0.006230             0.003651
88.873000    0.005527             0.003379
88.908000    0.003418             0.002225
88.942000    0.007125             0.004085
88.975000    0.003567             0.002181
89.010000    0.005172             0.003495
89.050000    0.006161             0.004383
89.081000    0.005281             0.003824
89.115000    0.004250             0.002935
89.152000    0.004972             0.003581
89.187000    0.004686             0.003368
89.222000    0.006653             0.003785
89.271000    0.007065             0.004765
89.303000    0.004713             0.003352
89.337000    0.003540             0.002310
89.379000    0.003391             0.002172
89.420000    0.006592             0.004315
89.455000    0.005133             0.003538
89.488000    0.004817             0.003544
89.523000    0.004762             0.003463
89.555000    0.005207             0.003922
89.591000    0.007575             0.004978
89.624000    0.007185             0.004933
89.658000    0.004508             0.003244
89.692000    0.006816             0.004388
89.725000    0.005478             0.003203
89.760000    0.004155             0.002905
89.794000    0.004535             0.003248
89.827000    0.004664             0.003416
89.869000    0.003567             0.002265
89.915000    0.004221             0.002738
89.949000    0.005746             0.003683
89.986000    0.003612             0.002316
90.023000    0.008034             0.005549
90.057000    0.004189             0.002986
90.091000    0.004786             0.003372
90.124000    0.004911             0.003440
90.158000    0.004434             0.003209
90.192000    0.005057             0.003632
90.232000    0.004282             0.002185
90.265000    0.006272             0.004678
90.299000    0.004496             0.003273
90.333000    0.003934             0.002630
90.368000    0.004515             0.002369
90.404000    0.004580             0.003174
90.435000    0.003812             0.002468
90.470000    0.007870             0.005399
90.503000    0.003894             0.002627
90.538000    0.006913             0.004277
90.576000    0.004338             0.002956
90.608000    0.003579             0.002331
90.645000    0.007274             0.005040
90.675000    0.004550             0.003278
90.711000    0.003675             0.002504
90.745000    0.003597             0.002329
90.778000    0.004741             0.003351
90.813000    0.007554             0.005269
90.847000    0.007087             0.004693
90.881000    0.005308             0.004027
90.915000    0.004932             0.003568
90.950000    0.007253             0.004955
90.986000    0.004897             0.003450
91.019000    0.007904             0.005596
91.054000    0.005327             0.003780
91.087000    0.008177             0.005579
91.122000    0.007465             0.005143
91.155000    0.005885             0.004057
91.190000    0.010919             0.003327
91.224000    0.004740             0.003408
91.256000    0.004904             0.003482
91.295000    0.004911             0.003666
91.326000    0.005043             0.003790
91.364000    0.004421             0.002434
91.398000    0.003386             0.002126
91.436000    0.004876             0.003205
91.471000    0.007323             0.004871
91.504000    0.003769             0.002589
91.538000    0.004181             0.002775
91.575000    0.003845             0.002348
91.609000    0.004439             0.002797
91.643000    0.004393             0.002942
91.677000    0.004767             0.003406
91.712000    0.006020             0.004602
91.747000    0.003782             0.002460
91.779000    0.004501             0.003119
91.813000    0.006966             0.005491
91.848000    0.004772             0.003317
91.882000    0.007514             0.005015
91.917000    0.007997             0.005523
91.952000    0.005280             0.003792
91.985000    0.005413             0.003873
92.019000    0.004431             0.003054
92.053000    0.003376             0.002147
92.090000    0.007693             0.005330
92.138000    0.005633             0.003637
92.186000    0.004549             0.003066
92.218000    0.004364             0.002661
92.253000    0.003780             0.002478
92.287000    0.004317             0.003051
92.321000    0.005565             0.004272
92.355000    0.005261             0.003716
92.389000    0.005160             0.003664
92.422000    0.004779             0.003413
92.457000    0.004483             0.003139
92.492000    0.006932             0.004725
92.525000    0.005535             0.003955
92.559000    0.005818             0.003814
92.594000    0.004505             0.003112
92.627000    0.006157             0.003734
92.662000    0.005504             0.003239
92.697000    0.004785             0.003497
92.730000    0.003699             0.002265
92.764000    0.003458             0.002312
92.799000    0.005158             0.003639
92.832000    0.007637             0.005167
92.866000    0.004332             0.003041
92.899000    0.004632             0.003370
92.934000    0.006240             0.004145
92.968000    0.004550             0.003278
93.002000    0.005062             0.003615
93.036000    0.005347             0.003872
93.070000    0.007547             0.005485
93.104000    0.005427             0.003952
93.138000    0.006831             0.004164
93.172000    0.008440             0.005945
93.206000    0.006943             0.004787
93.243000    0.005324             0.003659
93.275000    0.007896             0.005719
93.307000    0.005383             0.003891
93.343000    0.005117             0.003666
93.379000    0.004401             0.003208
93.411000    0.003476             0.002164
93.449000    0.006692             0.004546
93.481000    0.004981             0.003733
93.518000    0.004574             0.003213
93.551000    0.003424             0.002106
93.589000    0.004863             0.003537
93.620000    0.004166             0.002929
93.657000    0.006481             0.004197
93.689000    0.004715             0.003263
93.728000    0.005514             0.003529
93.759000    0.005424             0.003740
93.793000    0.007875             0.005424
93.827000    0.005055             0.003470
93.861000    0.007920             0.005520
93.895000    0.004633             0.002893
93.928000    0.006997             0.005120
93.963000    0.005515             0.004032
93.997000    0.004530             0.002358
94.033000    0.005024             0.003698
94.065000    0.057430             0.034073
94.118000    0.003593             0.002331
94.158000    0.006818             0.004577
94.191000    0.005317             0.003337
94.224000    0.005949             0.004412
94.261000    0.004428             0.003170
94.293000    0.009509             0.002429
94.327000    0.004898             0.003462
94.363000    0.005604             0.003235
94.425000    0.004088             0.002732
94.458000    0.004840             0.003484
94.490000    0.004762             0.002750
94.526000    0.007037             0.005382
94.564000    0.005577             0.003970
94.602000    0.004343             0.002986
94.636000    0.004793             0.003437
94.670000    0.005203             0.003899
94.704000    0.003871             0.002623
94.738000    0.005154             0.003422
94.772000    0.003593             0.002363
94.809000    0.004751             0.002587
94.839000    0.003985             0.002663
94.876000    0.005084             0.003024
94.910000    0.003842             0.002401
94.945000    0.004621             0.003174
94.978000    0.005259             0.003001
95.013000    0.004635             0.003253
95.049000    0.004389             0.002781
95.082000    0.004500             0.003346
95.116000    0.005578             0.004191
95.151000    0.007702             0.005175
95.184000    0.005571             0.003564
95.220000    0.004799             0.003525
95.252000    0.004298             0.002713
95.287000    0.005283             0.003797
95.320000    0.004978             0.003630
95.356000    0.005172             0.003551
95.389000    0.005861             0.003643
95.424000    0.007806             0.005522
95.458000    0.006439             0.003999
95.492000    0.005110             0.003809
95.526000    0.005401             0.003866
95.565000    0.006436             0.004265
95.598000    0.004013             0.002736
95.632000    0.004359             0.003066
95.666000    0.003892             0.002438
95.700000    0.003453             0.002107
95.735000    0.007029             0.004741
95.768000    0.008389             0.005957
95.802000    0.007047             0.004392
95.837000    0.005308             0.003829
95.870000    0.003578             0.002318
95.907000    0.007421             0.004676
95.940000    0.005898             0.004446
95.975000    0.003603             0.002357
96.008000    0.007498             0.005444
96.047000    0.004683             0.002677
96.079000    0.003599             0.002318
96.117000    0.003317             0.002048
96.148000    0.003276             0.002132
96.181000    0.005203             0.003616
96.216000    0.006818             0.005532
96.250000    0.005169             0.003900
96.285000    0.007832             0.005215
96.319000    0.003721             0.002291
96.353000    0.005477             0.004196
96.389000    0.005682             0.003191
96.427000    0.008276             0.005568
96.460000    0.005990             0.003747
96.494000    0.004507             0.003186
96.527000    0.004937             0.003645
96.562000    0.006838             0.004684
96.596000    0.005037             0.003656
96.631000    0.003904             0.002745
96.666000    0.004969             0.003652
96.700000    0.003848             0.002556
96.734000    0.004646             0.003394
96.768000    0.004159             0.002794
96.803000    0.006166             0.003759
96.836000    0.004470             0.003038
96.871000    0.004577             0.003304
96.904000    0.003537             0.002206
96.938000    0.004072             0.002831
96.976000    0.006150             0.003761
97.009000    0.004530             0.003100
97.044000    0.006408             0.004382
97.077000    0.004230             0.002985
97.111000    0.004965             0.003441
97.145000    0.003443             0.002280
97.180000    0.004520             0.002524
97.214000    0.004373             0.002956
97.248000    0.007101             0.005356
97.283000    0.004890             0.003475
97.317000    0.007801             0.005279
97.351000    0.003450             0.002215
97.386000    0.003640             0.002395
97.419000    0.006460             0.003744
97.453000    0.003693             0.002366
97.488000    0.005156             0.003859
97.522000    0.005314             0.003958
97.555000    0.004131             0.002873
97.590000    0.007440             0.004600
97.623000    0.003849             0.002461
97.658000    0.006276             0.003937
97.692000    0.004255             0.002852
97.726000    0.005359             0.003919
97.761000    0.004380             0.003233
97.794000    0.004551             0.002939
97.828000    0.008069             0.005448
97.862000    0.007637             0.005648
97.896000    0.004350             0.003037
97.943000    0.006324             0.003853
97.993000    0.004186             0.002794
98.035000    0.004342             0.003043
98.073000    0.004307             0.002800
98.108000    0.006741             0.004790
98.140000    0.003959             0.002796
98.174000    0.003914             0.002636
98.207000    0.002770             0.001667
98.243000    0.004606             0.002918
98.276000    0.003493             0.002262
98.311000    0.003262             0.002249
98.345000    0.003415             0.002358
98.378000    0.003491             0.002334
98.412000    0.003132             0.001978
98.446000    0.002562             0.001555
98.480000    0.002561             0.001434
98.515000    0.004287             0.003111
98.549000    0.004868             0.003423
98.583000    0.003436             0.002375
98.617000    0.003664             0.002117
98.652000    0.002390             0.001394
98.686000    0.004983             0.003208
98.719000    0.002667             0.001600
98.755000    0.005402             0.003456
98.788000    0.003401             0.002213
98.823000    0.004079             0.002378
98.856000    0.003271             0.002056
98.894000    0.003427             0.001973
98.928000    0.002831             0.001821
98.961000    0.002676             0.001614
98.995000    0.002784             0.001703
99.029000    0.003405             0.002018
99.063000    0.005091             0.003812
99.097000    0.003946             0.002536
99.131000    0.003958             0.002237
99.165000    0.003713             0.002701
99.200000    0.003870             0.002635
99.236000    0.005108             0.003121
99.269000    0.002765             0.001725
99.304000    0.003185             0.002068
99.340000    0.007372             0.001874
99.374000    0.004874             0.003056
99.408000    0.003131             0.001714
99.442000    0.003027             0.001990
99.479000    0.003292             0.002098
99.511000    0.002910             0.001773
99.546000    0.005279             0.004147
99.582000    0.002630             0.001657
99.620000    0.003680             0.002536
99.654000    0.002704             0.001690
99.688000    0.003599             0.002433
99.721000    0.003555             0.002561
99.754000    0.004992             0.003842
99.794000    0.002826             0.001745
99.839000    0.005210             0.003657
99.872000    0.003512             0.002489
99.907000    0.003706             0.002423
99.941000    0.003926             0.002404
99.974000    0.002759             0.001792
100.008000    0.003400             0.002334
100.047000    0.003280             0.002207
100.079000    0.002732             0.001557
100.114000    0.003280             0.002281
100.147000    0.004193             0.002513
100.181000    0.005427             0.004208
100.216000    0.005592             0.003689
100.251000    0.003693             0.002460
100.283000    0.002782             0.001845
100.318000    0.004991             0.003442
100.352000    0.003614             0.002064
100.387000    0.002660             0.001691
100.423000    0.003398             0.002403
100.463000    0.002767             0.001662
100.496000    0.003031             0.001764
100.535000    0.003294             0.002155
100.579000    0.005182             0.003697
100.611000    0.002735             0.001627
100.645000    0.003585             0.001957
100.679000    0.004245             0.002797
100.713000    0.004253             0.002582
100.747000    0.003875             0.002690
100.783000    0.006243             0.004262
100.818000    0.002692             0.001552
100.851000    0.002701             0.001649
100.885000    0.005623             0.003982
100.918000    0.004930             0.003229
100.953000    0.003922             0.001920
100.987000    0.002544             0.001532
101.025000    0.002597             0.001511
101.077000    0.002521             0.001524
101.123000    0.004677             0.002404
101.158000    0.004104             0.002847
101.190000    0.005514             0.003701
101.226000    0.007396             0.001591
101.260000    0.003292             0.002200
101.294000    0.003961             0.002652
101.328000    0.003604             0.002059
101.362000    0.002731             0.001606
101.396000    0.003251             0.002105
101.429000    0.003213             0.001964
101.464000    0.003700             0.002474
101.498000    0.008524             0.006513
101.532000    0.002707             0.001540
101.568000    0.003162             0.002158
101.602000    0.002701             0.001580
101.636000    0.003007             0.001755
101.669000    0.005605             0.003497
101.714000    0.004587             0.003257
101.764000    0.004176             0.002464
101.806000    0.002970             0.001757
101.840000    0.002593             0.001507
101.879000    0.004461             0.002668
101.911000    0.002760             0.001539
101.949000    0.003575             0.002092
101.982000    0.002551             0.001503
102.015000    0.002420             0.001451
102.049000    0.002885             0.001774
102.083000    0.006623             0.003721
102.119000    0.003714             0.002403
102.153000    0.005990             0.004173
102.186000    0.002820             0.001610
102.221000    0.002623             0.001675
102.255000    0.002867             0.001548
102.289000    0.002669             0.001578
102.322000    0.002662             0.001521
102.358000    0.003317             0.002248
102.390000    0.004375             0.002861
102.426000    0.004025             0.002631
102.459000    0.003601             0.002300
102.493000    0.005160             0.003351
102.527000    0.003598             0.002341
102.561000    0.003734             0.002681
102.593000    0.005504             0.003730
102.629000    0.004613             0.002782
102.663000    0.004786             0.003522
102.697000    0.003829             0.002394
102.731000    0.003477             0.001879
102.765000    0.003075             0.001806
102.806000    0.005275             0.003434
102.847000    0.002594             0.001602
102.881000    0.003637             0.002455
102.915000    0.003173             0.001872
102.949000    0.003577             0.002398
102.984000    0.003368             0.002009
103.022000    0.005164             0.003740
103.053000    0.005334             0.003474
103.087000    0.003276             0.002200
103.127000    0.003603             0.002297
103.165000    0.002587             0.001602
103.197000    0.006197             0.002148
103.232000    0.005137             0.003283
103.265000    0.003048             0.001752
103.301000    0.002567             0.001539
103.335000    0.005284             0.003557
103.369000    0.005643             0.003861
103.403000    0.005417             0.004042
103.440000    0.005185             0.002954
103.475000    0.003478             0.002389
103.511000    0.002990             0.001827
103.545000    0.005507             0.003588
103.579000    0.003494             0.002201
103.612000    0.003265             0.001991
103.647000    0.005785             0.003856
103.681000    0.003397             0.002112
103.715000    0.002688             0.001520
103.754000    0.004939             0.002422
103.788000    0.005074             0.003613
103.823000    0.004802             0.002775
103.855000    0.004401             0.002984
103.889000    0.006423             0.003866
103.924000    0.004722             0.002859
103.958000    0.006298             0.003979
103.992000    0.002860             0.001661
104.030000    0.003608             0.002395
104.062000    0.002947             0.001577
104.097000    0.002910             0.001741
104.130000    0.002928             0.001768
104.165000    0.005751             0.004214
104.200000    0.006257             0.004037
104.235000    0.005255             0.003296
104.269000    0.002816             0.001578
104.305000    0.003292             0.002071
104.340000    0.005587             0.003523
104.372000    0.003651             0.002271
104.407000    0.005661             0.003711
104.441000    0.004630             0.002656
104.475000    0.003230             0.002085
104.510000    0.002837             0.001706
104.543000    0.002589             0.001522
104.578000    0.006274             0.004322
104.611000    0.005200             0.003271
104.646000    0.003448             0.002261
104.681000    0.002901             0.001700
104.714000    0.002781             0.001598
104.748000    0.005889             0.003798
104.783000    0.005790             0.003000
104.818000    0.002895             0.001701
104.860000    0.003759             0.002531
104.895000    0.002617             0.001456
104.928000    0.003379             0.002031
104.963000    0.008548             0.001805
105.000000    0.004949             0.002925
105.035000    0.002728             0.001580
105.067000    0.004383             0.002982
105.101000    0.006536             0.003994
105.137000    0.003315             0.002041
105.177000    0.003029             0.001642
105.210000    0.004383             0.002925
105.248000    0.003707             0.002542
105.282000    0.005338             0.003533
105.316000    0.002871             0.001606
105.350000    0.004336             0.002807
105.383000    0.002676             0.001528
105.418000    0.002826             0.001634
105.452000    0.004036             0.002156
105.487000    0.002780             0.001584
105.520000    0.002793             0.001482
105.554000    0.003886             0.002481
105.591000    0.003744             0.002166
105.632000    0.003549             0.002168
105.665000    0.003837             0.002333
105.700000    0.002921             0.001631
105.739000    0.003989             0.002345
105.771000    0.005285             0.003919
105.804000    0.004139             0.002625
105.839000    0.004304             0.002737
105.873000    0.003687             0.002036
105.908000    0.003599             0.002037
105.943000    0.004342             0.002857
105.976000    0.004597             0.002788
106.010000    0.002724             0.001444
106.045000    0.003769             0.002327
106.078000    0.005174             0.003517
106.113000    0.004037             0.002438
106.147000    0.004934             0.002616
106.181000    0.005792             0.003754
106.215000    0.005211             0.002505
106.249000    0.006194             0.003552
106.286000    0.003089             0.001694
106.333000    0.003132             0.001630
106.366000    0.003916             0.002270
106.400000    0.003560             0.001964
106.440000    0.004680             0.002485
106.473000    0.003842             0.002103
106.507000    0.003456             0.001836
106.542000    0.003151             0.001640
106.581000    0.004354             0.002600
106.618000    0.005026             0.002705
106.650000    0.003203             0.001774
106.684000    0.003592             0.002073
106.718000    0.005439             0.003151
106.753000    0.003804             0.002237
106.788000    0.002967             0.001437
106.822000    0.003681             0.001424
106.856000    0.003509             0.001982
106.893000    0.004102             0.002339
106.931000    0.005206             0.003093
106.964000    0.002486             0.001321
106.998000    0.002525             0.001325
107.033000    0.003505             0.002075
107.068000    0.003264             0.001964
107.101000    0.005107             0.003168
107.136000    0.003150             0.001844
107.169000    0.002101             0.001067
107.203000    0.002924             0.001552
107.238000    0.004067             0.002105
107.274000    0.002187             0.001051
107.310000    0.003121             0.001446
107.342000    0.002472             0.001380
107.375000    0.002147             0.001124
107.411000    0.004275             0.002377
107.443000    0.003997             0.002253
107.478000    0.003834             0.001849
107.512000    0.002200             0.000997
107.546000    0.002773             0.001427
107.580000    0.003551             0.002264
107.615000    0.004008             0.002236
107.654000    0.006202             0.003632
107.693000    0.005472             0.003119
107.725000    0.004194             0.002638
107.764000    0.002838             0.001585
107.796000    0.002177             0.001206
107.829000    0.003774             0.002367
107.871000    0.004816             0.002383
107.919000    0.003758             0.001590
107.951000    0.003996             0.002258
107.987000    0.002554             0.001425
108.022000    0.003222             0.002084
108.055000    0.002933             0.001647
108.090000    0.003587             0.002048
108.124000    0.004299             0.002820
108.161000    0.003748             0.002140
108.200000    0.004398             0.002271
108.234000    0.002746             0.001580
108.271000    0.005073             0.003177
108.304000    0.003677             0.002508
108.330000    0.003277             0.002077
108.377000    0.002912             0.001565
108.411000    0.003239             0.001852
108.448000    0.003238             0.002041
108.482000    0.002521             0.001352
108.516000    0.005513             0.003326
108.552000    0.003168             0.001441
108.585000    0.003844             0.002246
108.618000    0.003566             0.001686
108.651000    0.003968             0.002550
108.686000    0.004120             0.002593
108.720000    0.002864             0.001662
108.757000    0.002833             0.001586
108.789000    0.005532             0.003292
108.823000    0.005805             0.003247
108.856000    0.005352             0.003193
108.892000    0.004074             0.002574
108.927000    0.003121             0.001673
108.961000    0.003429             0.002237
108.995000    0.007136             0.001479
109.029000    0.002585             0.001393
109.059000    0.003927             0.001879
109.100000    0.003155             0.001871
109.138000    0.003138             0.002010
109.182000    0.004310             0.002141
109.230000    0.002441             0.001230
109.264000    0.002479             0.001343
109.304000    0.003436             0.001946
109.340000    0.003915             0.002645
109.384000    0.005854             0.003506
109.419000    0.002389             0.001291
109.453000    0.003306             0.001961
109.489000    0.003502             0.002261
109.522000    0.003068             0.001910
109.565000    0.003361             0.002036
109.598000    0.005082             0.002979
109.633000    0.002552             0.001370
109.667000    0.002748             0.001367
109.702000    0.004211             0.002911
109.739000    0.005248             0.003225
109.772000    0.003046             0.001610
109.806000    0.003135             0.001890
109.840000    0.002507             0.001285
109.875000    0.003749             0.002230
109.908000    0.003109             0.001939
109.942000    0.003311             0.002021
109.976000    0.003484             0.002177
110.010000    0.003394             0.002111
110.046000    0.005629             0.003462
110.080000    0.002601             0.001223
110.115000    0.003675             0.002118
110.149000    0.003909             0.002435
110.183000    0.003300             0.002010
110.216000    0.004056             0.002422
110.253000    0.003939             0.002121
110.284000    0.003165             0.001955
110.321000    0.003889             0.002448
110.355000    0.002673             0.001426
110.392000    0.002815             0.001554
110.426000    0.006688             0.001297
110.459000    0.002984             0.001539
110.495000    0.002698             0.001307
110.534000    0.003285             0.001841
110.569000    0.002421             0.001332
110.603000    0.002932             0.001409
110.639000    0.005055             0.002859
110.674000    0.003237             0.002072
110.711000    0.002399             0.001199
110.747000    0.002826             0.001724
110.780000    0.001924             0.000906
110.815000    0.004359             0.002248
110.848000    0.002977             0.001375
110.885000    0.003975             0.002106
110.919000    0.002561             0.001463
110.956000    0.003277             0.001561
110.992000    0.003557             0.001396
111.025000    0.002483             0.001035
111.060000    0.002127             0.000627
111.094000    0.002066             0.000350
111.128000    0.002326             0.000340
111.163000    0.001787             0.000387
111.198000    0.001838             0.000401
111.232000    0.002321             0.000336
111.271000    0.003268             0.000727
111.306000    0.001900             0.000296
111.341000    0.001842             0.000429
111.385000    0.001914             0.000420
111.421000    0.003237             0.000702
111.457000    0.001966             0.000489
111.490000    0.001690             0.000304
111.524000    0.002059             0.000493
111.558000    0.001839             0.000346
111.592000    0.001988             0.000356
111.626000    0.002944             0.000703
111.664000    0.002020             0.000375
111.704000    0.001626             0.000308
111.748000    0.002161             0.000543
111.782000    0.002050             0.000452
111.818000    0.001916             0.000394
111.857000    0.001948             0.000506
111.898000    0.001829             0.000395
111.937000    0.001785             0.000367
111.968000    0.001596             0.000331
112.007000    0.001922             0.000370
112.048000    0.001603             0.000291
112.097000    0.001569             0.000304
112.136000    0.002177             0.000566
112.186000    0.003018             0.000704
112.234000    0.001787             0.000449
112.271000    0.002457             0.000401
112.305000    0.001986             0.000366
112.343000    0.001886             0.000474
112.379000    0.001715             0.000305
112.415000    0.002843             0.000728
112.449000    0.002350             0.000537
112.484000    0.001894             0.000370
112.516000    0.002258             0.000556
112.553000    0.002924             0.000425
112.588000    0.003155             0.000696
112.624000    0.001884             0.000516
112.658000    0.002012             0.000547
112.692000    0.001842             0.000363
112.726000    0.005101             0.000407
112.760000    0.002430             0.000560
112.795000    0.002114             0.000461
112.829000    0.001614             0.000304
112.864000    0.002157             0.000418
112.897000    0.001935             0.000297
112.934000    0.001776             0.000325
112.972000    0.001741             0.000375
113.008000    0.001667             0.000312
113.043000    0.001602             0.000297
113.083000    0.001889             0.000363
113.112000    0.001893             0.000342
113.145000    0.001681             0.000289
113.193000    0.001967             0.000524
113.242000    0.002103             0.000395
113.277000    0.001947             0.000404
113.313000    0.003114             0.000323
113.349000    0.003458             0.000740
113.383000    0.001712             0.000343
113.422000    0.001630             0.000316
113.458000    0.002016             0.000484
113.492000    0.002241             0.000543
113.526000    0.001728             0.000318
113.560000    0.001702             0.000310
113.595000    0.001931             0.000360
113.628000    0.001891             0.000423
113.658000    0.002157             0.000484
113.697000    0.001883             0.000328
113.732000    0.001696             0.000313
113.767000    0.003288             0.000641
113.800000    0.001846             0.000311
113.834000    0.002932             0.000461
113.870000    0.001702             0.000294
113.908000    0.001599             0.000341
113.943000    0.002030             0.000455
113.978000    0.005005             0.000406
114.019000    0.003079             0.000705
114.063000    0.001938             0.000406
114.101000    0.001719             0.000303
114.136000    0.003345             0.000860
114.173000    0.001903             0.000357
114.208000    0.001982             0.000343
114.244000    0.001701             0.000293
114.282000    0.002413             0.000469
114.317000    0.002831             0.000414
114.350000    0.001879             0.000419
114.385000    0.003066             0.000634
114.423000    0.002318             0.000385
114.456000    0.006619             0.000473
114.492000    0.010279             0.000538
114.532000    0.001643             0.000283
114.565000    0.003683             0.000641
114.598000    0.001914             0.000418
114.636000    0.003795             0.000303
114.675000    0.003753             0.000603
114.711000    0.002772             0.000590
114.749000    0.002301             0.000600
114.782000    0.002185             0.000387
114.818000    0.001986             0.000420
114.853000    0.001877             0.000373
114.887000    0.001794             0.000349
114.921000    0.003319             0.000867
114.956000    0.002387             0.000496
114.998000    0.001975             0.000273
115.034000    0.001665             0.000265
115.067000    0.001635             0.000249
115.101000    0.001649             0.000271
115.136000    0.001500             0.000280
115.171000    0.002291             0.000363
115.209000    0.001784             0.000361
115.245000    0.001651             0.000289
115.286000    0.003273             0.000601
115.320000    0.001719             0.000286
115.358000    0.001980             0.000331
115.393000    0.002013             0.000391
115.428000    0.001762             0.000476
115.459000    0.001908             0.000412
115.496000    0.002074             0.000294
115.528000    0.001711             0.000360
115.564000    0.003094             0.000608
115.599000    0.002104             0.000432
115.634000    0.002211             0.000530
115.678000    0.003757             0.000735
115.722000    0.003565             0.000724
115.756000    0.002024             0.000600
115.791000    0.002486             0.000309
115.825000    0.003346             0.000606
115.859000    0.004472             0.000661
115.894000    0.001907             0.000478
115.931000    0.002084             0.000398
115.965000    0.002498             0.000356
116.002000    0.001716             0.000346
116.038000    0.002186             0.000347
116.071000    0.002552             0.000440
116.109000    0.002022             0.000321
116.144000    0.001936             0.000343
116.179000    0.008000             0.000661
116.219000    0.002821             0.000311
116.256000    0.002186             0.000534
116.293000    0.003657             0.000778
116.327000    0.002020             0.000465
116.361000    0.003789             0.000718
116.397000    0.001829             0.000363
116.433000    0.002158             0.000513
116.471000    0.002649             0.000604
116.506000    0.001999             0.000336
116.542000    0.001609             0.000264
116.581000    0.002394             0.000534
116.619000    0.002285             0.000527
116.658000    0.003346             0.000659
116.690000    0.002351             0.000436
116.726000    0.002195             0.000286
116.767000    0.003820             0.000664
116.801000    0.001720             0.000331
116.837000    0.001893             0.000330
116.873000    0.002167             0.000452
116.908000    0.001625             0.000229
116.941000    0.003128             0.000594
116.981000    0.001662             0.000259
117.028000    0.002160             0.000439
117.075000    0.001892             0.000329
117.122000    0.003282             0.000527
117.154000    0.002026             0.000318
117.189000    0.002184             0.000480
117.224000    0.002129             0.000503
117.258000    0.004357             0.000592
117.292000    0.002176             0.000433
117.328000    0.001808             0.000310
117.365000    0.001994             0.000375
117.400000    0.006712             0.000338
117.433000    0.002051             0.000489
117.466000    0.001910             0.000368
117.503000    0.002624             0.000359
117.546000    0.001809             0.000344
117.590000    0.003706             0.000646
117.630000    0.002113             0.000316
117.674000    0.002781             0.000311
117.719000    0.003780             0.000331
117.759000    0.002793             0.000417
117.798000    0.001743             0.000292
117.839000    0.001931             0.000311
117.881000    0.002070             0.000382
117.919000    0.002325             0.000759
117.960000    0.001856             0.000408
117.995000    0.001578             0.000248
118.029000    0.001790             0.000327
118.063000    0.002230             0.000367
118.096000    0.001694             0.000325
118.131000    0.002255             0.000516
118.164000    0.001729             0.000313
118.199000    0.002809             0.000655
118.237000    0.002188             0.000439
118.271000    0.002283             0.000476
118.304000    0.001835             0.000379
118.339000    0.002356             0.000530
118.376000    0.001908             0.000369
118.411000    0.001824             0.000313
118.448000    0.001778             0.000312
118.487000    0.003192             0.000809
118.524000    0.002270             0.000430
118.560000    0.002709             0.000394
118.596000    0.002094             0.000334
118.632000    0.001934             0.000317
118.668000    0.007312             0.000393
118.703000    0.010290             0.000293
118.736000    0.001675             0.000306
118.772000    0.001992             0.000381
118.805000    0.001813             0.000280
118.839000    0.001942             0.000464
118.873000    0.002332             0.000522
118.908000    0.003355             0.000672
118.942000    0.002139             0.000337
118.978000    0.001522             0.000260
119.011000    0.002244             0.000654
119.045000    0.002310             0.000543
119.078000    0.001762             0.000321
119.114000    0.001961             0.000374
119.148000    0.001700             0.000452
119.182000    0.001949             0.000376
119.216000    0.002043             0.000323
119.251000    0.001646             0.000304
119.286000    0.002790             0.000611
119.323000    0.002361             0.000603
119.358000    0.003298             0.000722
119.391000    0.001985             0.000407
119.425000    0.003433             0.000658
119.458000    0.001570             0.000293
119.494000    0.001990             0.000443
119.528000    0.010368             0.000313
119.563000    0.002383             0.000760
119.598000    0.003671             0.000753
119.632000    0.003235             0.000319
119.666000    0.002309             0.000501
119.700000    0.002075             0.000469
119.737000    0.002254             0.000305
119.782000    0.002307             0.000355
119.828000    0.003553             0.000655
119.868000    0.002417             0.000457
119.906000    0.001771             0.000260
119.950000    0.001557             0.000273
119.983000    0.002472             0.000464
120.019000    0.001930             0.000368
120.056000    0.001597             0.000290
120.089000    0.001897             0.000405
120.123000    0.001801             0.000272
120.157000    0.002071             0.000327
120.194000    0.002037             0.000305
120.229000    0.002114             0.000419
120.264000    0.001752             0.000363
120.298000    0.001893             0.000379
120.332000    0.002284             0.000507
120.366000    0.002083             0.000435
120.401000    0.002406             0.000337
120.436000    0.001861             0.000348
120.474000    0.001721             0.000376
120.508000    0.001937             0.000402
120.541000    0.004164             0.000743
120.575000    0.001803             0.000369
120.609000    0.002221             0.000522
120.648000    0.001873             0.000342
120.686000    0.002735             0.000322
120.720000    0.001715             0.000299
120.756000    0.001892             0.000354
120.788000    0.001780             0.000271
120.823000    0.003167             0.000634
120.856000    0.003261             0.000645
120.890000    0.003797             0.000626
120.930000    0.002075             0.000287
120.972000    0.001726             0.000265
121.006000    0.002012             0.000289
121.041000    0.001915             0.000300
121.075000    0.001669             0.000275
121.113000    0.001673             0.000283
121.144000    0.001693             0.000281
121.180000    0.001704             0.000242
121.214000    0.001708             0.000280
121.248000    0.002297             0.000334
121.285000    0.001981             0.000400
121.318000    0.001715             0.000337
121.353000    0.002030             0.000311
121.389000    0.005087             0.000640
121.424000    0.002190             0.000392
121.458000    0.001742             0.000278
121.496000    0.001666             0.000277
121.536000    0.001543             0.000242
121.587000    0.001892             0.000270
121.638000    0.001901             0.000266
121.688000    0.002187             0.000405
121.734000    0.002309             0.000487
121.769000    0.002069             0.000430
121.804000    0.001999             0.000413
121.838000    0.001698             0.000274
121.873000    0.002011             0.000299
121.912000    0.001681             0.000284
